Accuracy: 99.9167%

              precision    recall  f1-score   support

          BA     1.0000    1.0000    1.0000       200
         BHA     1.0000    1.0000    1.0000       200
         CHA     1.0000    1.0000    1.0000       200
        CHHA     0.9950    1.0000    0.9975       200
          DA     1.0000    1.0000    1.0000       200
         DAA     1.0000    1.0000    1.0000       200
         DHA     1.0000    1.0000    1.0000       200
        DHAA     1.0000    1.0000    1.0000       200
       D_SHA     1.0000    1.0000    1.0000       200
          GA     0.9949    0.9750    0.9848       200
         GHA     1.0000    1.0000    1.0000       200
         GYA     1.0000    1.0000    1.0000       200
          HA     1.0000    1.0000    1.0000       200
          JA     1.0000    1.0000    1.0000       200
         JHA     1.0000    1.0000    1.0000       200
          KA     0.9803    0.9950    0.9876       200
         KHA     1.0000    1.0000    1.0000       200
        KSHA     1.0000    1.0000    1.0000       200
          LA     1.0000    1.0000    1.0000       200
          MA     1.0000    1.0000    1.0000       200
       M_SHA     1.0000    1.0000    1.0000       200
          NA     1.0000    1.0000    1.0000       200
         NAA     1.0000    1.0000    1.0000       200
         NGA     1.0000    1.0000    1.0000       200
          PA     1.0000    1.0000    1.0000       200
         PHA     1.0000    1.0000    1.0000       200
          RA     1.0000    1.0000    1.0000       200
          TA     1.0000    1.0000    1.0000       200
         TAA     1.0000    1.0000    1.0000       200
         THA     1.0000    1.0000    1.0000       200
        THAA     1.0000    1.0000    1.0000       200
         TRA     1.0000    1.0000    1.0000       200
       T_SHA     1.0000    1.0000    1.0000       200
          WA     1.0000    1.0000    1.0000       200
          YA     1.0000    1.0000    1.0000       200
         YAN     1.0000    1.0000    1.0000       200

    accuracy                         0.9992      7200
   macro avg     0.9992    0.9992    0.9992      7200
weighted avg     0.9992    0.9992    0.9992      7200
